168040

368187
185611
169023
258518
185948
188238
513052
235614
168491
590692
167660
182770
238348
225082
283627
172460
172478
168661
173872
185892
284085
185429
173560
217761
284154
176140
185679
382411
165238
170498
372552
425021
176703
160500
167089
173846
175418
225095
189112
240262
170254
171211
167888
240159
282505
215020
168237
185875
156964
169488
169330
183261
171448
192388
186641
287081
170890
149868
182326
282181
171672
281950
183509
172488
170903
169828
350129
196255
168884
181146
401204
289218
172705
168856
200701
627270
302478
226272
765809
285181
170226
171456
288016
505842
181190
225067
177002
180758
181151
586958
176953
178060
395352
169466
363502
543876
172183
167327
159286
167208
170558
170550
467811
629840
169363
201895
173385
211361
168240
187286
170897
398759
178179
170778
170692
167876
369690
170355
145017
165263
344986
201452
168847
596056
183196
562995
171762
172085
171729
168701
284781
168234
173607
409800
172440
142782
294177
172258
170170
171318
477535
164680
204275
178966
170725
174189
179853
597802
170174
168606
173426
169733
266740
166674
224056
172054
165818
172165
169492
169471
175229
168559
178960
176808
172342
172489
168668
167553
170555
213714
168601
183346
171289
170276
364503
168160
170185
168160
362722
178320
168727
170929
171405
175543
582557
178283
169380
149873
169683
525495
596056
167707
168662
286798
234678
169314
235587
290441
172128
366989
171642
223211
174212
228974
171253
333862
280554
247906
232491
221645
225801
286515
228789
238837
244294
294090
279141
235586
230682
227260
285158
224764
562837
288886
294045
279761
286474
634028
235961
288004
287686
273804
280829
236674
227017
282138
234537
235661
235672
288291
277417
282372
283722
232582
228437
287911
231854
224173
165297
292253
571278
292071
280172
234174
285262
693245
288335
240797
275943
561169
278808
231845
280216
563828
286928
283537
280950
433448
236053
238352
471461
281581
284466
785716
219321
236750
232030
283303
467086
227244
283573
230977
168997
288413
238346
642134
236206
236717
237824
288603
193122
174926
291329
168879
175969
288370
281609
173329
168934
283229
280795
171456
173658
279404
277476
172100
15
181692
279545
166929
288872
173616
240722
172564
171736
168143
535328
290318
166434
171193
686427
168317
217871
374545
172571
167104
411094
171452
165882
166520
285198
157011
166363
40991
173714
224045
166497
425216
192534
168739
150036
239995
167058
168257
169883
165619
425223
152387
166434
240690
151596
171776
242139
149942
628090
229540
388564
458717
205970
585042
237708
639749
178877
266657
253113
296989
167050
199953
240212
682416
240162
233699
71527
242075
283781
185707
238115
287917
274574
235022
234110
168227
238711
206287
169435
242379
168214
242073
280515
166771
167970
250406
242715
165353
280532
226416
168203
181913
239461
170363
224379
168375
240716
242992
169305
288596
287892
239048
167491
240031
173281
172021
236020
240180
236394
241955
169323
238207
187917
281860
235662
171992
228163
240100
242974
239834
289365
170291
229490
241882
227990
173988
277796
278599
226067
281906
183170
229796
228039
236978
168278
241999
229204
243539
244993
225800
239572
227321
215136
243322
240078
227833
281804
241363
428594
224467
230044
212796
281415
239937
228260
589068
217126
168938
228519
165662
243019
168058
324724
289481
271202
279280
165753
234315
166941
231391
165664
280754
224613
249813
228578
165618
243645
170915
233934
279499
290138
163941
168671
231677
170158
322669
235128
232880
170912
277395
220627
235719
170367
293598
218764
165795
227380
240144
165748
227536
281202
243473
219745
225195
165669
216194
285467
217337
223759
175884
276442
169606
225698
226213
173309
411915
169049
238106
234224
165349
169142
218705
195955
560779
224184
166684
227336
224532
226924
172687
323499
225566
270058
276809
313566
168816
237938
171806
242984
230696
285220
228593
226721
208389
503955
222431
282086
229117
291662
569250
293218
226032
214715
224474
396100
465277
236548
404376
221353
225792
411976
360313
295996
233490
220003
232698
194402
260216
380914
378807
292871
387733
217838
277766
391574
225613
299332
292815
445162
278365
377279
292232
360523
281810
302963
243817
332882
228291
379850
403093
291113
394629
404168
166749
167857
435893
168577
382609
167739
335513
423291
284964
392786
280691
169605
318231
302512
170160
262819
395882
167277
173015
191157
167259
440466
165816
279606
383308
168746
449842
372229
186072
323820
285310
167826
227772
232026
168224
420139
165693
375722
396407
165751
401198
380823
262799
439481
165746
387006
178299
168220
165746
170517
284775
173637
287598
199176
403554
170383
449488
347251
693303
382482
442093
423468
375252
413479
384572
398875
178096
351035
144171
417710
450472
435635
687905
445800
284093
227117
282079
443029
40991
417549
284341
392428
277060
288008
442606
283751
349143
426670
234103
234231
310573
289906
286714
656418
287070
177368
351034
170535
288136
145514
292424
633597
372989
194583
288275
170554
369072
509696
736937
298256
561040
519986
190668
170472
459652
373170
295603
198735
40991
494384
459372
345621
168891
462714
167436
428131
373130
175679
369277
459235
201386
459903
458138
460797
185969
464687
464623
194987
506252
237419
453544
423224
496899
451614
431225
456295
