1092
864
980
777
1143
783
710
683
779
867
697
57
729
743
748
801
1872
858
3784
1251
967
765
750
57
727
693
586
1123
704
589
739
715
777
697
718
734
731
751
3846
727
712
715
766
641
764
912
728
1461
742
762
720
815
4364
748
722
784
857
993
743
726
988
693
4238
776
911
723
641
550
736
4716
741
730
728
726
865
2037
749
712
693
748
746
886
3024
697
692
817
721
694
512
745
1152
718
836
716
742
987
727
1816
680
721
800
1704
57
749
700
1785
1122
742
761
726
774
2351
829
728
837
1923
2064
685
57
2132
769
57
744
1934
729
57
57
766
1926
692
739
57
692
970
934
57
533
769
718
57
749
912
2017
57
57
750
712
692
57
4344
697
811
3843
698
778
841
2437
783
773
57
57
732
693
1922
57
755
723
706
57
973
2494
622
745
560
2089
821
775
750
57
57
22
919
737
2295
729
57
22
688
57
2327
704
2891
1940
799
22
57
57
819
1870
1684
57
57
1907
1765
1957
1769
204
57
22
2422
57
1983
57
1747
57
57
1717
834
1846
22
57
3747
1648
760
777
1783
1769
1920
759
2371
1889
1649
57
1754
590
2892
695
57
22
1865
1739
1508
641
1786
1687
1326
1694
1295
1871
1774
1745
2937
775
1877
561
57
1924
1763
2406
1767
22
57
3919
1698
898
1875
22
57
1981
1784
989
2345
4256
1599
1737
899
643
1566
57
2966
1799
776
642
57
2099
57
57
2018
1997
57
2183
2202
1871
624
1775
1909
606
1740
1857
57
1756
1709
2242
1816
1797
57
1700
1718
57
1935
57
1767
57
1917
837
1730
2449
57
57
1656
1587
1760
1730
57
1747
1986
1644
57
1711
1757
1703
1755
57
57
1770
1905
2958
5564
57
57
2191
1819
4246
1663
1750
1711
1641
1940
1774
1892
4593
1665
1728
1630
1745
1898
1721
1656
1648
1166
1925
1809
1658
22
1740
886
1833
1700
1781
1497
1677
3681
730
22
1866
1904
837
1588
57
1700
771
1789
773
1935
825
22
57
1755
772
601
1702
1752
22
3514
22
2081
22
1229
3169
3255
1890
3302
4180
1700
1699
716
22
1230
2394
656
2703
1754
57
1253
57
2946
564
856
631
1896
57
2515
718
1898
586
57
22
3853
771
713
623
2056
588
2419
2493
3709
594
3720
643
57
718
57
57
727
2731
699
57
1972
880
57
4287
728
2146
4690
538
1973
57
2401
728
585
4430
1824
4790
1823
3758
57
615
2589
570
3368
57
607
57
2579
605
57
57
57
3720
678
687
1918
57
699
2558
699
694
57
742
1705
2654
662
781
929
688
685
583
760
2567
4513
1944
2018
2654
4827
57
57
4088
57
57
255
2911
2799
4482
2696
57
57
4156
57
57
57
4484
4889
2543
4149
57
3453
57
57
4295
57
57
3667
4498
57
57
1762
1886
3567
57
4712
1628
1549
57
255
57
3465
1879
1830
1955
57
57
57
57
57
1935
1147
1788
3334
1937
57
57
2019
1709
1573
57
977
1861
1714
1084
1966
57
1761
57
1149
1867
1511
1849
1357
1767
1893
710
57
1917
911
1985
1932
1747
1776
757
1745
1711
255
1833
700
2023
1971
675
715
712
1814
811
1972
1588
3564
1818
866
1872
698
705
1782
1062
1981
57
1262
1909
204
1600
1801
1903
57
1900
1863
22
1715
1823
1889
2023
1431
1981
22
1778
1776
1775
1766
22
1805
1812
1880
57
22
57
1828
57
1785
57
1782
2043
1663
57
693
1834
1891
1798
1820
22
57
1814
57
1744
57
22
57
57
1788
781
1901
76
1727
1905
1786
1971
1740
1887
57
57
1613
1813
1823
1767
1747
1778
22
1732
2018
1108
1784
1734
1776
1767
1822
1962
57
694
1825
1804
1798
2311
1856
57
1824
57
615
22
614
57
2384
2038
1787
740
1767
1796
1775
1440
2086
1892
582
1789
1773
2503
1796
2031
2433
760
1796
1794
2495
1968
1782
907
1783
1906
864
1871
2173
1776
2508
1555
1810
1854
1866
2377
1786
2078
852
1774
1921
57
1762
1794
1939
1801
2449
1804
2050
57
1762
596
2056
1900
2063
1806
57
2277
2046
1885
57
2332
1759
1852
2291
2064
1777
2028
1732
2342
2305
1890
1975
1878
57
57
1753
1978
2255
2437
57
57
2016
2036
1781
1877
2064
2378
1852
1843
1491
57
57
764
1213
2064
1908
1900
2053
2070
2237
3492
1976
2364
1764
2066
57
2074
2038
1875
1840
1880
2375
1922
2115
57
1895
2073
57
2055
2060
2068
57
57
2005
1834
2542
686
2074
2309
2060
1930
57
2970
1894
1963
1984
740
22
1886
22
4616
760
2065
2071
57
760
57
916
660
1942
22
1858
22
57
4183
22
1926
635
1025
2471
1962
1104
2054
705
1966
4134
1956
3551
135
2015
683
1137
204
2093
1136
3969
710
693
1339
4622
22
4315
57
2180
57
22
583
2041
3283
57
60
57
1939
3849
583
1933
1921
320
1805
2453
699
527
1922
2022
800
694
22
4236
2148
4400
810
443
22
1724
57
774
3931
4703
693
4252
1104
2386
1217
57
57
4054
57
57
4715
926
2650
1737
704
22
1888
527
2620
22
4489
57
2039
57
983
356
1865
1865
4245
57
2149
1541
1722
1945
1167
2053
1998
1717
57
815
4034
2384
1601
760
4052
3126
57
1025
1590
829
2856
4317
57
2820
57
1987
1823
752
4110
2552
57
1911
57
1118
980
3342
1916
22
57
1118
57
729
57
1901
2025
57
719
744
57
57
57
57
22
1886
57
22
719
204
2220
813
1977
57
22
2185
2628
57
618
2306
2910
3727
3553
1731
1382
2605
2027
1270
829
746
1737
1737
57
2009
825
2045
57
590
610
698
843
779
722
586
1916
770
778
4155
689
22
2462
22
22
2876
1982
926
971
22
1886
22
1850
2288
204
57
22
607
1141
57
57
1118
57
57
57
745
